41.292918 57.484034 110.394839
52.014866 40.008325 133.512933
74.789023 43.521853 58.096450
57.255575 66.503122 37.442350
69.069751 38.399060 90.030683
70.234168 54.291134 38.023726
56.903907 47.826188 95.676399
81.158054 41.648510 45.757507
82.239936 30.334364 77.358744
49.823631 75.781233 30.106559
60.531664 42.417732 101.952548
86.658322 27.088660 74.762740
57.275138 54.794077 73.269370
46.268122 79.030148 30.243266
67.713326 33.119462 110.060593
71.523221 34.973004 93.565202
46.627758 67.591544 64.276149
32.271154 69.351846 99.635904
16.561099 88.834215 84.528156
62.473152 58.504965 47.141642
17.763929 84.467800 94.494619
25.474817 77.465898 94.063091
77.824166 42.661533 52.117024
32.219897 84.483142 53.411310
52.452697 72.413510 32.963846
43.552001 64.869121 81.350241
82.713980 18.639829 111.851163
