27.123974 64.240990 129.909557
6.096931 36.581588 274.361909
75.301184 46.152338 48.581409
55.679634 68.780724 34.936241
65.228470 36.047312 108.141936
70.889159 52.322950 42.195928
25.252858 58.923336 151.517149
84.803523 41.630820 35.463291
94.342840 12.749032 96.892646
50.522704 74.812466 31.090895
52.372385 42.850133 123.789273
99.180627 12.144567 85.011966
62.287718 50.962678 70.781497
33.460135 96.016039 14.547885
66.329608 31.355815 119.393294
64.080205 17.800057 167.320535
52.602333 62.023647 64.378975
16.491436 79.708608 112.691480
21.819291 84.549753 82.731479
65.057987 54.868182 50.949026
9.207908 90.928092 98.985011
28.280615 75.414972 92.383341
79.142429 43.042374 47.207765
28.370848 88.386104 52.376951
48.455953 78.002266 27.182608
42.894419 65.362924 81.703655
88.218218 3.328989 143.146543
